 <pre>

 Contingency table for Cloud cover (octas)
 Selection: ALL    588 stations
Period: 20201228-20210103
Used {00,06,12,18} + 01 03 ... 36
 Limits   0.500000000       1.50000000       2.50000000       3.50000000       4.50000000       5.50000000       6.50000000       7.50000000    
 Each class is data <= limit, the very last > last limit
 Total number of values      280085
                                                       OBSERVATION
                                   5058      883      590      409      239      220      310      852     3486 |     12047
                                    683      311      176      183      118      145      155      585     1520 |      3876
                                    422      192      142      109       89      134      143      493     1239 |      2963
                                    331      151      119       92       75      123      106      515     1250 |      2762
                          mc11      331      132      132      113       92      108      146      517     1290 |      2861
                                    303      136      138      119       80      128      150      667     1714 |      3435
                                    369      151      163      152      129      176      229      928     2426 |      4723
                                    609      259      282      249      202      321      419     1753     4998 |      9092
                                   4013     1448     1298     1621     1320     2841     3803    33590   188392 |    238326

                    SUM           12119     3663     3040     3047     2344     4196     5461    39900   206315 |    280085
                                                       OBSERVATION
                                   5086      890      578      403      243      229      310      854     3542 |     12135
                                    692      311      193      186      112      146      165      625     1609 |      4039
                                    447      198      138      109       81      132      133      540     1262 |      3040
                                    351      151      109       99       88      104      113      551     1330 |      2896
                          mc21      311      129      140      113       99      107      145      557     1356 |      2957
                                    328      143      133      114       85      126      135      650     1870 |      3584
                                    327      163      144      150      119      176      231      927     2538 |      4775
                                    605      246      265      228      189      320      415     1833     5173 |      9274
                                   3972     1432     1340     1645     1328     2856     3814    33363   187635 |    237385

                    SUM           12119     3663     3040     3047     2344     4196     5461    39900   206315 |    280085
                                                       OBSERVATION
                                   5060      889      583      424      237      234      308      861     3475 |     12071
                                    740      322      196      165      115      141      172      579     1575 |      4005
                                    456      216      143      109       84      137      129      522     1221 |      3017
                                    367      129      119       95       79      133      125      545     1298 |      2890
                          mc31      317      150      128      107      102      113      136      534     1320 |      2907
                                    316      134      120      112       83      132      127      684     1783 |      3491
                                    339      161      144      148      112      168      250      898     2506 |      4726
                                    608      249      269      250      187      329      376     1807     5132 |      9207
                                   3916     1413     1338     1637     1345     2809     3838    33470   188005 |    237771

                    SUM           12119     3663     3040     3047     2344     4196     5461    39900   206315 |    280085
                                                       OBSERVATION
                                   5035      859      578      411      239      227      303      838     3422 |     11912
                                    694      313      191      181      107      149      171      562     1507 |      3875
                                    447      171      133      103       86      126      144      500     1256 |      2966
                                    376      150      132       94       91      114      110      521     1264 |      2852
                          mc22      315      142      113      107       89      100      131      533     1302 |      2832
                                    279      134      115      115       80      131      155      664     1755 |      3428
                                    353      160      152      156      113      160      249      895     2507 |      4745
                                    618      265      285      253      194      324      387     1775     5137 |      9238
                                   4002     1469     1341     1627     1345     2865     3811    33612   188165 |    238237

                    SUM           12119     3663     3040     3047     2344     4196     5461    39900   206315 |    280085
                                                       OBSERVATION
                                   5032      877      578      430      239      217      300      879     3483 |     12035
                                    751      302      178      169      117      136      159      567     1563 |      3942
                                    449      190      136      114       77      132      134      511     1231 |      2974
                                    353      147      126       89       92      109      116      490     1229 |      2751
                          mc33      301      113      126      107       92      109      135      554     1339 |      2876
                                    314      144      109      115       89      116      162      649     1679 |      3377
                                    330      160      149      142      123      160      213      862     2425 |      4564
                                    602      256      274      239      182      328      394     1807     5030 |      9112
                                   3987     1474     1364     1642     1333     2889     3848    33581   188336 |    238454

                    SUM           12119     3663     3040     3047     2344     4196     5461    39900   206315 |    280085

