 <pre>

 Contingency table for Visibility (m)
 Selection: ALL    694 stations
Period: 20201228-20210103
Used {00,06,12,18} + 00 01 ... 36
 Limits    1000.00000       5000.00000       10000.0000       20000.0000    
 Each class is data <= limit, the very last > last limit
 Total number of values      371794
                                     OBSERVATION
                                   6907     8789     4210     1948      832 |     22686
                                   8264    42632    31126    25711    16598 |    124331
                          mc11     1070     9552    10240    14116    15772 |     50750
                                    196     1598     3299     6080    12400 |     23573
                                   1857    11351    18786    38053    80407 |    150454

                    SUM           18294    73922    67661    85908   126009 |    371794
                                     OBSERVATION
                                   6825     8703     4123     1962      862 |     22475
                                   8285    42735    31109    25598    16525 |    124252
                          mc21     1080     9390    10133    13880    15516 |     49999
                                    173     1524     3208     5933    11877 |     22715
                                   1931    11570    19088    38535    81229 |    152353

                    SUM           18294    73922    67661    85908   126009 |    371794
                                     OBSERVATION
                                   6708     8756     4155     1992      871 |     22482
                                   8251    42426    30860    25577    16504 |    123618
                          mc31     1093     9439    10203    13906    15455 |     50096
                                    195     1541     3169     5869    11368 |     22142
                                   2047    11760    19274    38564    81811 |    153456

                    SUM           18294    73922    67661    85908   126009 |    371794
                                     OBSERVATION
                                   6821     8829     4181     1983      878 |     22692
                                   8391    42567    31002    25673    16579 |    124212
                          mc22     1024     9268    10092    13843    15248 |     49475
                                    187     1512     3171     5855    11308 |     22033
                                   1871    11746    19215    38554    81996 |    153382

                    SUM           18294    73922    67661    85908   126009 |    371794
                                     OBSERVATION
                                   6858     8819     4229     2004      844 |     22754
                                   8367    42678    31096    25597    16435 |    124173
                          mc33     1010     9320    10133    13912    15409 |     49784
                                    184     1543     3130     6020    11799 |     22676
                                   1875    11562    19073    38375    81522 |    152407

                    SUM           18294    73922    67661    85908   126009 |    371794

