 <pre>

 Contingency table for Visibility (m)
 Selection: ALL    682 stations
Period: 20201231-20201231
Used {12} + 00 01 ... 12
 Limits    1000.00000       5000.00000       10000.0000       20000.0000    
 Each class is data <= limit, the very last > last limit
 Total number of values        5285
                                     OBSERVATION
                                    253      176       62       31        8 |       530
                                    194      768      428      324      250 |      1964
                          mc11       16      112      122      144      183 |       577
                                      0       16       36       37       73 |       162
                                     33      187      249      524     1059 |      2052

                    SUM             496     1259      897     1060     1573 |      5285
                                     OBSERVATION
                                    248      180       64       34       12 |       538
                                    200      757      433      336      255 |      1981
                          mc22       14      121      118      136      170 |       559
                                      0       19       35       35       81 |       170
                                     34      182      247      519     1055 |      2037

                    SUM             496     1259      897     1060     1573 |      5285

